./box3d 16 16 -1 1 0 0.4 0 0 15000 3500 0.01 80 0 0
./box3d 16 16 -1 1 0 0.6 0 0 15000 3500 0.01 80 0 0
./box3d 16 16 -1 1 0 0.8 0 0 15000 3500 0.01 80 0 0
./box3d 16 16 -1 1 0 1.0 0 0 15000 3500 0.01 80 0 0
./box3d 16 16 -1 1 0 1.2 0 0 15000 3500 0.01 80 0 0
./box3d 16 16 -1 1 0 1.4 0 0 15000 3500 0.01 80 0 0
./box3d 16 16 -1 1 0 1.6 0 0 15000 3500 0.01 80 0 0
./box3d 16 16 1 1 0 0.4 0 0 15000 3500 0.01 80 0 0
./box3d 16 16 1 1 0 0.6 0 0 15000 3500 0.01 80 0 0
./box3d 16 16 1 1 0 0.8 0 0 15000 3500 0.01 80 0 0
./box3d 16 16 1 1 0 1.0 0 0 15000 3500 0.01 80 0 0
./box3d 16 16 1 1 0 1.2 0 0 15000 3500 0.01 80 0 0
./box3d 16 16 1 1 0 1.4 0 0 15000 3500 0.01 80 0 0
./box3d 16 16 1 1 0 1.6 0 0 15000 3500 0.01 80 0 0
